0 1
5 2
6 4
8 5
9 5
11 5
12 5
14 5
16 5
17 5
18 5
19 5
21 5
23 5
24 5
25 5
26 5
27 5
28 5
29 5
30 5
31 5
32 5
33 5
34 5
35 5
47 2
48 4
49 5
50 5
51 5
52 5
53 5
54 5
55 5
56 5
57 5
58 5
59 5
60 5
61 5
62 5
63 5
64 5
65 5
66 5
67 5
68 5
69 5
70 5
71 5
72 5
80 1
81 4
82 2
83 5
84 5
85 5
86 5
87 5
88 6
109 1
110 4
111 5
112 5
113 5
114 5
115 5
125 4
126 4
127 7
128 7
129 7
140 2
141 2
142 4
143 5
144 5
145 5
146 5
147 5
148 4
149 5
150 5
151 5
152 5
156 1
157 5
171 2
172 5
173 5
174 5
175 5
176 5
177 5
178 5
179 5
180 5
181 4
182 5
186 1
187 2
188 2
189 3
190 5
191 5
211 1
212 3
213 5
214 2
215 1
216 5
217 2
218 5
219 5
220 2
221 5
222 5
223 5
224 2
225 4
226 5
227 4
228 4
229 2
230 4
231 5
232 5
233 6
234 6
235 2
236 5
237 6
238 6
239 6
240 6
241 6
242 6
243 6
244 6
245 6
247 2
248 2
249 2
250 4
251 1
252 1
253 1
254 2
255 1
256 2
257 4
258 2
259 5
260 5
261 5
262 5
263 6
264 6
265 6
266 6
267 6
268 6
269 6
270 6
271 5
272 5
273 5
274 5
275 5
276 5
277 5
279 4
280 5
281 5
282 5
283 5
284 5
285 1
286 4
287 2
288 4
289 2
290 4
291 4
292 1
293 2
294 1
295 3
296 1
297 4
298 5
299 5
300 5
301 1
302 4
303 5
304 5
305 5
306 5
307 4
308 5
309 5
310 5
311 5
312 5
313 5
314 5
315 5
316 5
317 5
318 5
319 5
320 6
321 6
322 6
323 6
324 6
325 6
326 2
327 5
328 5
329 5
330 2
331 5
332 5
333 6
334 6
335 6
336 6
337 6
338 6
339 6
340 1
341 4
342 5
343 2
344 4
345 5
346 6
347 6
348 6
349 6
350 6
351 6
352 2
353 4
354 4
355 5
356 6
357 6
358 6
359 1
360 2
361 4
362 5
363 5
364 5
365 6
366 6
367 6
368 6
369 6
370 6
371 6
372 6
373 6
374 6
375 6
376 6
377 6
378 6
379 6
380 6
381 2
382 2
383 2
384 2
385 4
386 5
387 5
388 5
389 5
390 5
391 4
393 4
394 4
395 4
396 4
397 1
398 2
399 4
400 4
401 4
402 2
403 4
404 4
405 4
406 5
407 5
408 1
409 3
410 5
411 4
412 2
413 4
414 1
415 5
416 5
417 5
418 5
419 5
420 4
421 1
422 4
423 4
424 5
425 5
426 5
427 5
428 5
429 5
430 5
431 5
432 5
433 5
434 5
435 5
436 5
437 5
438 5
439 5
440 5
441 1
442 1
443 1
444 2
445 3
446 5
447 5
448 5
449 6
450 4
451 5
452 5
453 5
454 5
455 1
456 2
457 2
458 4
459 2
460 4
461 4
462 2
463 5
464 2
465 1
466 3
467 2
468 2
469 4
470 2
471 4
472 2
473 2
474 2
475 4
476 4
477 4
478 4
479 2
480 2
481 4
482 1
483 2
484 4
485 2
486 2
487 2
488 1
489 5
490 5
491 5
492 5
493 5
494 5
495 4
496 5
497 6
498 6
499 6
500 6
501 6
502 6
503 6
504 6
505 6
506 6
507 6
508 6
509 6
510 6
511 6
512 6
513 6
514 6
515 6
516 6
517 6
518 6
519 6
520 6
521 6
522 6
523 6
524 6
525 2
526 5
527 5
528 5
529 2
530 4
531 5
532 2
533 4
534 5
535 5
536 5
537 5
538 5
539 5
540 5
541 6
542 6
543 6
544 6
545 6
546 6
547 6
548 6
549 6
550 6
551 6
552 6
553 6
554 2
555 2
556 2
557 2
558 2
559 1
560 4
561 2
562 4
563 5
564 5
565 5
566 5
567 5
568 4
569 6
570 6
571 6
572 6
573 6
574 6
575 6
576 6
577 6
578 6
579 6
580 6
581 6
582 6
583 6
584 6
585 6
586 6
587 6
588 6
589 6
590 6
591 6
592 6
593 6
594 6
595 6
596 6
597 6
598 6
599 6
600 6
601 6
602 5
603 5
604 5
605 2
606 5
607 5
608 2
609 4
610 4
611 1
612 2
613 4
614 4
615 2
616 2
617 4
618 1
619 2
620 4
621 4
623 2
624 4
625 4
626 2
627 2
628 2
629 4
630 1
631 3
632 4
633 2
634 2
635 4
636 4
637 4
638 4
639 1
640 2
641 2
642 2
643 2
644 2
645 2
646 2
647 2
648 2
649 2
650 1
651 4
652 5
653 5
654 5
655 5
656 5
657 4
658 5
659 5
660 5
661 4
662 5
663 5
664 1
665 3
666 5
667 5
668 5
669 4
670 1
671 4
672 4
673 2
674 4
675 4
676 2
677 5
678 5
679 5
680 5
681 2
684 1
685 2
686 1
687 2
688 2
689 2
690 4
691 4
692 4
693 4
694 4
695 4
696 5
697 5
698 5
699 5
700 5
701 5
702 5
703 5
704 5
705 5
706 5
707 5
708 2
709 5
710 2
711 2
712 5
713 5
714 1
715 2
716 4
717 1
718 4
719 4
720 2
721 4
722 4
723 1
724 2
725 4
726 2
727 2
728 4
729 2
730 4
731 1
732 4
733 2
734 2
735 5
736 5
737 5
738 5
739 5
740 5
741 5
742 5
743 5
744 2
745 5
746 5
747 5
748 5
749 5
750 5
751 2
752 2
753 5
754 5
755 4
756 2
757 5
758 5
759 4
760 6
761 6
762 6
763 6
764 6
765 1
766 4
767 6
768 6
769 6
770 6
771 6
772 6
773 6
774 6
775 6
776 6
777 6
778 6
779 6
780 6
781 2
782 5
783 5
784 6
785 6
786 6
787 6
788 6
789 6
790 6
791 6
792 4
793 5
794 5
795 6
796 6
797 6
798 6
799 6
800 6
801 6
802 6
803 6
804 4
805 5
806 5
807 2
808 5
809 5
810 5
811 6
812 2
813 4
814 6
815 6
