0 1
4 2
5 4
6 4
7 5
8 6
9 7
10 8
11 9
13 10
15 11
17 12
19 9
20 10
22 11
23 12
26 13
29 14
30 15
39 2
40 8
41 16
42 16
45 17
46 18
48 19
50 20
51 21
52 22
53 23
55 24
56 25
60 2
61 16
62 16
69 2
70 8
71 16
72 16
73 17
74 12
75 14
76 15
77 16
79 6
80 8
85 8
86 9
87 9
100 2
101 8
102 10
103 12
104 14
116 8
117 8
118 2
119 8
120 7
121 10
122 9
123 12
124 9
131 4
132 8
133 8
134 10
135 8
136 10
137 12
138 10
139 12
140 10
141 12
146 1
147 4
148 7
149 2
150 7
151 9
152 11
153 13
154 14
155 5
156 7
157 8
158 4
159 8
160 8
161 9
162 10
163 12
164 14
165 16
166 12
167 13
168 14
177 4
178 8
179 10
180 4
181 7
182 4
183 8
184 10
185 11
186 13
187 11
188 13
189 14
191 4
192 7
193 2
194 8
195 8
196 8
197 8
198 10
199 11
207 2
208 7
209 4
225 1
226 7
227 9
228 11
229 13
230 15
231 16
232 6
233 10
253 4
254 8
255 8
256 11
257 9
258 12
259 14
260 16
261 2
268 1
269 4
270 5
271 2
272 4
273 7
274 10
275 2
276 7
277 7
278 9
279 2
280 8
281 9
282 11
283 12
284 4
285 8
286 1
287 8
288 9
289 9
290 11
291 9
292 11
293 12
294 13
295 10
296 12
297 13
298 14
299 2
300 8
301 8
302 7
303 8
304 10
305 11
306 12
307 9
308 10
310 11
314 1
315 7
316 8
318 10
319 11
320 9
321 10
322 11
323 12
324 10
325 11
326 13
327 14
328 15
329 16
330 17
331 12
332 13
333 14
334 15
335 17
336 18
337 12
338 13
339 14
340 15
342 11
343 12
344 13
345 14
346 15
348 16
349 17
350 18
351 19
353 20
354 1
355 5
356 7
357 8
358 9
359 8
360 9
361 10
362 11
363 9
364 10
366 11
367 1
368 8
369 9
370 11
371 9
372 12
373 14
374 16
375 1
376 8
377 16
378 17
379 18
380 20
381 14
386 4
387 8
388 10
389 12
391 8
392 9
393 9
394 11
395 14
396 16
397 18
398 19
399 8
401 1
402 8
403 16
404 16
405 6
406 7
407 9
408 10
409 12
410 13
411 15
412 16
413 18
414 12
415 14
416 15
417 17
418 18
419 20
421 14
422 15
423 16
424 17
425 18
426 19
427 20
428 21
429 22
430 23
431 24
432 26
433 27
434 28
435 29
436 19
437 21
438 23
439 24
440 25
441 27
442 5
443 9
444 11
447 1
448 8
449 9
450 11
451 9
452 10
454 4
455 9
456 11
457 12
458 10
459 12
460 13
461 15
462 4
463 16
465 16
466 8
467 16
468 17
469 18
470 19
471 21
472 22
473 15
474 17
475 19
476 14
477 16
478 17
479 19
480 14
481 16
482 18
483 14
484 16
485 18
494 1
495 4
496 8
497 4
498 1
499 4
500 8
501 10
502 12
503 14
504 11
505 14
506 11
507 13
508 14
509 8
510 7
511 9
512 11
513 13
514 15
515 16
516 17
517 19
518 20
519 21
520 22
522 23
523 24
524 25
526 26
527 27
529 28
530 29
531 18
532 19
533 20
534 21
536 22
537 23
538 25
539 26
540 16
541 18
542 20
543 21
544 23
545 24
546 26
547 27
548 28
549 29
550 31
551 32
552 33
553 34
554 1
555 12
556 14
557 15
559 4
560 16
561 1
562 8
563 16
565 17
566 18
567 19
568 21
569 22
570 4
571 16
572 16
573 17
574 18
575 19
576 13
578 14
579 15
580 16
581 17
583 18
585 19
586 20
587 21
588 22
589 23
590 24
591 25
592 26
594 27
595 17
596 19
597 20
598 21
599 22
600 23
601 24
602 25
603 26
604 27
605 28
607 29
608 30
609 31
611 32
612 33
614 20
615 21
616 22
617 23
618 24
619 25
620 26
622 27
623 4
624 16
625 16
626 18
627 19
628 20
629 21
630 15
631 16
632 17
633 18
634 19
635 20
636 21
637 22
638 23
639 24
640 25
641 26
642 27
643 28
645 29
646 30
648 19
649 20
650 21
651 22
652 23
654 24
655 25
656 26
657 27
658 28
659 29
661 30
662 31
663 32
665 33
666 34
667 35
669 36
670 37
672 38
674 39
675 40
677 41
679 42
680 43
682 44
684 45
686 46
688 47
690 48
692 49
694 50
697 51
699 52
701 53
703 30
704 31
706 32
707 33
709 34
710 35
712 36
713 37
715 38
717 39
718 40
720 41
721 42
723 43
725 2
726 16
727 32
728 32
730 33
731 34
733 35
734 36
736 37
737 38
739 39
741 40
744 41
746 42
747 43
750 44
751 45
752 46
754 47
755 48
757 27
758 28
759 29
760 31
761 32
762 33
763 34
764 35
765 36
766 37
767 38
768 39
769 40
770 41
774 16
775 32
777 32
778 19
779 20
780 21
781 22
782 23
784 24
785 25
786 26
787 27
788 28
790 29
791 30
793 31
794 32
796 33
797 34
799 20
800 21
801 22
802 23
803 24
804 25
805 26
806 27
807 28
808 29
810 30
811 31
812 32
814 33
815 34
817 35
818 36
819 37
821 38
823 39
824 40
826 41
827 24
828 25
829 26
830 27
831 28
833 29
834 30
835 31
836 32
837 33
839 34
840 35
842 36
843 37
845 38
846 39
848 40
850 41
852 42
855 43
857 44
862 8
863 32
864 32
866 33
868 34
869 36
871 37
872 38
873 39
874 40
875 41
876 42
877 43
879 26
880 27
882 28
883 29
884 30
886 31
888 32
889 33
892 2
893 16
894 32
895 32
896 33
897 34
898 35
899 36
900 37
901 38
903 39
904 24
905 26
906 27
907 28
908 18
909 20
910 22
911 23
913 11
914 13
915 15
916 16
917 18
918 19
919 20
920 22
921 23
922 24
923 25
924 26
925 16
926 17
927 18
928 20
929 21
930 22
931 23
932 24
933 25
934 26
935 27
936 28
938 29
939 30
940 31
941 32
942 33
944 34
945 35
946 36
948 37
949 38
951 39
952 40
954 41
956 42
957 43
959 44
961 45
963 46
965 47
967 48
969 49
970 50
973 51
975 52
977 53
980 7
981 11
982 14
983 16
984 18
985 20
986 22
987 24
988 2
989 16
990 18
991 19
992 21
993 22
994 24
995 26
996 27
997 29
998 30
999 31
1000 20
1005 1
1006 16
1007 16
1008 18
1009 19
1010 21
1011 22
1012 23
1013 24
1014 25
1015 26
1016 27
1017 28
1018 29
1019 30
1021 31
1022 32
1024 33
1025 34
1026 35
1028 36
1029 37
1030 38
1032 39
1033 40
1035 41
1037 42
1039 43
1040 44
1042 45
1044 46
1046 47
1047 48
1052 4
1053 8
1054 10
1056 12
1057 13
1058 11
1059 13
1060 15
1061 16
1062 17
1063 19
1064 20
1065 21
1066 22
1067 23
1068 24
1069 25
1070 26
1071 27
1073 28
1074 29
1075 30
1076 31
1078 32
1079 33
1080 34
1082 35
1083 36
1085 37
1086 38
1087 39
1088 40
1089 41
1090 42
1091 24
1092 26
1093 27
1094 28
1095 29
1096 31
1097 32
1098 33
1100 8
1101 32
1102 32
1104 33
1105 34
1106 35
1107 36
1108 37
1109 38
1110 39
1111 40
1112 41
1113 42
1115 16
1116 32
1117 32
1118 33
1119 34
1120 35
1121 36
1122 38
1123 39
1124 40
1125 41
1127 42
1129 24
1130 25
1132 26
1135 27
1137 28
1140 29
1142 30
1144 31
1146 32
1149 33
1151 34
1154 35
1156 36
1158 37
1161 38
1163 39
1165 40
1167 23
1168 24
1170 25
1171 26
1172 27
1174 28
1175 29
1177 30
1178 31
1179 32
1181 33
1182 34
1183 35
1185 36
1186 37
1188 38
1189 39
1191 40
1193 41
1194 42
1196 43
1198 44
1200 45
1202 46
1204 47
1205 48
1207 49
1209 28
1210 29
1212 30
1213 31
1214 32
1216 33
1217 34
1218 35
1220 36
1221 37
1223 38
1224 39
1226 40
1228 41
1229 42
1231 43
1233 44
1234 25
1236 26
1237 27
1238 28
1239 29
1240 30
1241 31
1242 32
1243 34
1244 35
1245 36
1246 37
1247 38
1248 39
1249 40
1250 41
1251 42
1252 43
1253 44
1255 45
1256 46
1257 47
1258 48
1263 1
1264 7
1265 9
1266 11
1267 12
1268 13
1269 14
1270 16
1271 17
1272 19
1273 20
1274 21
1275 22
1276 23
1277 15
1278 17
1279 18
1280 19
1281 21
1282 22
1284 4
1285 16
1286 16
1287 18
1288 19
1289 20
1290 21
1291 22
1292 23
1293 24
1294 25
1295 26
1296 27
1297 28
1298 17
1299 18
1300 19
1301 20
1302 22
1303 23
1305 24
1306 25
1307 26
1308 27
1309 28
1310 29
1311 30
1312 31
1313 32
1315 33
1316 34
1318 35
1319 36
1320 37
1322 38
1323 39
1324 40
1325 41
1327 42
1328 43
1329 44
1330 45
1331 46
1333 47
1334 48
1335 49
1337 29
1338 30
1339 31
1340 32
1341 34
1343 35
1344 36
1346 8
1347 10
1348 11
1349 13
1350 14
1351 15
1352 17
1353 19
1354 21
1355 23
1356 24
1357 26
1358 27
1359 28
1360 16
1361 17
1362 18
1363 20
1364 22
1365 15
1366 17
1367 19
1368 20
1375 1
1376 3
1377 8
1378 11
1379 13
1380 14
1381 16
1382 17
1383 18
1384 19
1385 21
1386 22
1387 23
1388 24
1389 25
1390 26
1391 27
1392 28
1393 17
1394 18
1395 19
1396 20
1397 14
1398 15
1399 17
1400 18
1401 19
1402 21
1403 22
1404 23
1405 24
1406 4
1407 11
1408 13
1409 15
1410 16
1411 8
1412 16
1413 17
1414 18
1415 19
1416 20
1417 22
1418 23
1419 24
1420 25
1421 26
1422 27
1423 28
1425 29
1426 30
1427 31
1428 32
1430 20
1431 21
1432 22
1433 23
1434 16
1435 17
1436 18
1437 20
1438 21
1439 22
1440 23
1441 24
1442 25
1443 26
1445 17
1446 18
1447 20
1448 21
1449 22
1450 23
1451 24
1452 25
1453 26
1454 27
1455 28
1456 29
1458 30
1459 18
1460 20
1461 21
1462 22
1463 23
1464 24
1465 25
1466 26
1467 27
1468 4
1469 16
1470 17
1471 12
1472 14
1473 16
1474 17
1475 18
1476 20
1477 21
1478 22
1479 23
1480 24
1481 25
1482 26
1483 27
1484 28
1485 29
1486 30
1487 31
1489 32
1490 33
1491 34
1493 35
1494 36
1496 37
1497 38
1499 39
1500 40
1502 41
1504 42
1505 43
1507 25
1508 26
1509 27
1510 28
1511 29
1513 30
1514 31
1515 32
1517 33
1518 34
1519 35
1521 21
1522 23
1523 24
1524 25
1525 16
1526 17
1527 19
1528 20
1529 21
1530 23
1531 24
1532 26
1533 27
1534 29
1535 30
1536 31
1537 32
1538 34
1539 35
1540 36
1541 37
1542 38
1543 39
1544 40
1547 16
1548 32
1549 32
1551 33
1552 34
1553 20
1554 22
1555 24
1556 25
1557 27
1558 28
1559 29
1560 31
1562 2
1563 12
1564 15
1565 17
1566 19
1567 20
1568 22
1569 24
1570 26
1571 27
1572 8
1573 17
1574 19
1575 13
1576 15
1577 1
1578 9
1579 11
1580 13
1581 14
1582 15
1583 17
1584 18
1585 19
1586 21
1588 23
1589 24
1590 25
1591 26
1593 27
1594 28
1595 29
1597 30
1598 31
1599 32
1601 33
1602 34
1604 35
1605 36
1606 37
1608 38
1610 39
1612 40
1613 41
1615 42
1617 43
1619 44
1620 45
1622 46
1624 47
1626 48
1629 49
1630 50
1633 51
1635 52
1637 53
1639 54
1641 55
1643 56
1646 57
1648 58
1650 59
1652 60
1655 61
1658 2
1659 16
1660 32
1661 32
1662 33
1664 34
1665 35
1667 36
1668 37
1669 38
1671 39
1673 40
1674 41
1676 42
1678 43
1680 44
1681 45
1683 46
1685 47
1687 48
1689 49
1691 50
1693 51
1695 52
1697 53
1699 54
1701 55
1704 56
1706 57
1708 58
1710 59
1713 60
1715 61
1717 62
1723 1
1724 16
1725 32
1726 32
1728 33
1729 34
1730 35
1732 36
1733 37
1735 38
1737 39
1738 40
1740 41
1742 42
1743 24
1744 25
1745 26
1746 27
1748 28
1749 29
1751 18
1753 19
1754 20
1755 21
1756 22
1757 23
1758 24
1759 25
1760 26
1761 27
1762 28
1763 29
1765 30
1766 31
1767 32
1769 33
1770 34
1771 35
1773 36
1774 37
1776 38
1777 39
1779 40
1780 41
1783 42
1785 43
1787 44
1789 45
1791 46
1794 47
1796 48
1799 27
1800 28
1802 29
1803 30
1805 31
1806 32
1807 19
1808 20
1809 21
1810 22
1811 23
1812 24
1813 25
1814 26
1815 27
1816 28
1817 29
1819 30
1820 31
1821 32
1823 33
1824 34
1826 35
1827 36
1829 37
1831 38
1832 39
1834 40
1835 41
1837 42
1839 43
1841 44
1842 45
1845 46
1846 47
1848 48
1850 49
1852 50
1854 51
1856 52
1859 53
1861 54
1863 55
1866 56
1868 57
1870 58
1873 59
1875 60
1878 61
1880 62
1883 63
1885 64
1888 65
1891 36
1892 37
1893 38
1895 39
1897 40
1898 41
1900 42
1901 43
1904 44
1906 45
1907 46
1909 47
1911 48
1913 49
1915 50
1917 51
1919 52
1921 53
1923 54
1925 55
1927 56
1929 57
1931 58
1934 59
1935 60
1937 61
1938 62
1940 63
1942 64
1943 65
1945 66
1947 67
1948 68
1950 69
1952 70
1954 71
1956 72
1958 73
1960 74
1961 75
1963 76
1965 77
1966 78
1968 79
1970 80
1971 81
1972 82
1973 83
1974 84
1975 85
1976 87
1977 88
1978 47
1979 49
1980 50
1981 52
1982 53
1987 1
