1 1
5 2
6 4
7 4
8 5
9 6
10 7
12 8
13 9
15 10
3023 1
3027 2
3030 4
3033 8
3038 8
3042 9
3047 10
3052 11
3055 12
3060 13
3065 14
3066 15
3069 16
3074 17
3077 18
3081 19
3083 20
3085 21
3087 22
3089 23
3091 24
3092 25
3093 26
3097 27
3099 28
3101 29
3102 30
3104 31
3106 32
3107 33
3109 34
3111 35
3112 36
3115 37
3116 38
3119 39
3121 40
3123 41
3125 42
3128 43
3131 44
3133 45
3136 46
3139 47
3141 48
3144 49
3146 50
3149 51
3151 52
3154 53
3157 54
3159 55
3162 56
3165 57
3169 58
3172 59
3176 60
3180 61
3184 62
3191 1
3192 4
3193 8
3195 16
3197 32
3199 32
3200 33
3202 34
3203 35
3222 1
3223 4
3224 8
3225 16
3226 32
3227 32
3228 19
3229 20
3230 21
3231 22
3253 1
3254 4
3255 7
3256 9
3257 10
3258 11
3259 12
3261 13
3262 14
3263 15
3265 16
3266 17
3268 18
3269 19
3270 20
3271 21
3274 2
3275 4
3276 16
3277 16
3278 18
3279 13
3302 4
3303 7
3304 9
3305 10
3306 11
3308 1
3309 4
3310 8
3311 9
3312 10
3313 11
3314 12
3315 10
3316 11
3317 9
3318 10
3319 11
3320 12
3321 14
3322 15
3323 16
3324 11
3325 13
3326 14
3327 15
3328 17
3329 18
3330 12
3331 2
3332 8
3333 9
3334 10
3335 9
3336 11
3337 12
3338 14
3339 10
3340 11
3341 12
3342 14
3343 15
3344 16
3345 18
3346 12
3347 14
3348 15
3349 16
3350 18
3351 19
3352 20
3353 14
3354 15
3355 16
3356 17
3357 19
3358 20
3359 21
3360 14
3361 15
3362 16
3363 18
3364 19
3365 20
3366 21
3367 22
3368 14
3369 16
3370 17
3371 18
3372 19
3373 2
3374 8
3375 10
3376 12
3377 13
3378 11
3379 13
3380 14
3381 15
3382 17
3383 18
3384 13
3385 14
3386 16
3387 17
3388 18
3389 19
3390 20
3391 13
3392 15
3393 16
3394 17
3395 19
3396 20
3398 5
3399 6
3400 7
3401 9
3402 10
3403 11
3404 12
3405 10
3406 12
3407 13
3408 14
3409 15
3410 16
3411 17
3412 13
3413 14
3414 15
3415 16
3416 17
3417 18
3418 2
3419 7
3420 10
3421 12
3422 13
3423 11
3424 13
3425 14
3426 15
3427 17
3428 18
3429 12
3430 13
3431 15
3432 16
3433 17
3434 19
3435 20
3436 13
3437 14
3438 15
3439 17
3440 19
3441 21
3442 15
3454 2
3455 4
3470 8
3471 7
3472 10
3473 12
3474 13
3475 14
3476 16
3477 12
3478 14
3479 1
3480 8
3481 8
3482 11
3483 14
3484 16
3485 11
3501 2
3502 8
3503 11
3504 13
3505 11
3506 12
3521 4
3522 9
3523 10
3524 12
3525 13
3526 11
3527 13
3528 14
3529 16
3531 18
3532 19
3533 20
3534 21
3535 22
3536 15
3537 16
3538 17
3539 18
3541 19
3542 20
3543 21
3544 22
3545 23
3546 24
3547 25
3548 26
3549 16
3550 17
3551 18
3552 20
3553 21
3554 22
3555 23
3556 24
3557 25
3559 1
3560 9
3561 12
3562 14
3563 16
3579 5
3580 8
3581 10
3582 12
3583 13
3584 15
3585 16
3586 12
3587 14
3588 15
3589 17
3590 18
3591 19
3592 20
3593 21
3594 22
3595 23
3596 16
3597 17
3598 18
3599 19
3600 21
3601 22
3602 2
3603 16
3604 16
3605 12
3606 14
3607 15
3608 17
3609 18
3610 1
3611 7
3612 8
3613 11
3614 13
3615 14
3616 16
3617 17
3618 18
3619 19
3620 20
3621 13
3622 15
3623 16
3624 18
3625 19
3626 20
3627 21
3628 22
3629 23
3630 24
3631 25
3632 26
3633 16
3634 17
3635 18
3636 19
3637 20
3638 22
3639 23
3640 24
3642 25
3643 4
3644 11
3645 13
3646 15
3647 16
3648 17
3649 19
3650 20
3651 21
3652 14
3653 15
3654 17
3655 18
3656 19
3657 4
3658 16
3659 17
3660 18
3661 19
3662 13
3663 15
3664 17
3665 18
3666 19
3667 20
3668 21
3669 22
3670 23
3671 24
3672 15
3673 17
3674 18
3675 19
3676 20
3677 21
3678 23
3679 24
3680 25
3681 26
3682 27
3684 28
3685 29
3686 18
3687 20
3688 21
3689 22
3690 23
3691 24
3692 25
3693 26
3694 27
3695 28
3696 29
3698 30
3699 31
3700 32
3702 19
3703 20
3704 22
3705 23
3706 24
3707 25
3709 26
3710 27
3711 28
3712 29
3713 30
3714 31
3716 32
3717 5
3718 8
3719 10
3720 11
3721 14
3722 16
3723 18
3724 13
3725 16
3726 18
3735 2
3736 16
3737 17
3738 18
3739 19
3740 13
3741 14
3742 15
3743 17
3744 18
3745 19
3746 1
3747 4
3748 8
3750 2
3751 7
3752 8
3753 9
3755 10
3757 12
3759 13
3761 14
3762 15
3764 16
3766 17
3768 18
3769 19
3770 20
3771 21
3772 22
3773 23
3774 24
3775 25
3776 26
3778 27
3779 28
3781 29
3784 30
3785 31
3786 32
3787 33
3789 34
3790 35
3792 36
3794 4
3795 16
3796 32
3798 32
3800 33
3802 34
3805 35
3807 36
3811 37
3815 38
3818 39
3821 40
3823 41
3826 42
3829 43
3832 25
3833 26
3834 27
3836 28
3837 29
3838 30
