0 1
4 2
5 4
6 4
7 5
8 5
10 5
12 5
13 5
15 5
16 5
17 5
41 2
42 2
43 4
44 4
45 5
46 5
47 5
56 2
57 4
58 4
59 5
60 5
61 5
62 5
63 5
64 5
72 2
74 2
75 4
76 5
77 5
78 5
79 5
87 2
88 4
89 5
90 5
91 5
92 5
103 4
104 5
105 5
106 5
107 5
108 5
109 6
110 6
111 6
112 1
113 2
114 4
115 5
116 5
117 5
118 5
119 5
120 5
121 5
122 6
123 6
124 6
125 6
126 6
134 4
135 5
136 5
137 5
138 5
139 5
140 5
141 5
142 5
143 6
144 2
145 5
146 5
147 5
148 5
149 5
150 5
151 5
152 5
153 5
165 1
166 1
167 5
168 5
169 2
170 5
171 5
172 5
173 5
174 4
175 2
176 5
177 5
178 1
179 4
180 5
181 5
182 4
183 5
184 5
185 5
186 5
187 5
188 5
189 2
190 5
191 4
192 5
193 5
194 5
195 5
196 2
197 2
198 1
199 5
200 5
201 5
202 5
203 5
211 2
212 5
213 5
214 1
215 1
216 4
217 5
218 5
219 5
220 5
221 2
222 4
223 5
224 2
225 4
226 5
227 6
228 6
229 4
230 2
231 5
232 6
233 1
234 1
235 5
236 2
237 2
238 5
239 5
240 5
241 1
243 1
244 1
245 2
246 1
247 2
248 4
249 1
250 2
251 2
252 4
253 4
254 1
255 4
256 4
257 4
258 1
260 1
261 2
262 1
263 1
264 3
265 2
266 5
267 5
268 5
269 5
270 5
271 5
272 5
273 4
274 6
275 1
276 5
277 5
278 1
279 5
280 5
281 5
282 5
283 2
284 1
285 4
286 5
287 4
288 4
289 4
290 5
291 1
292 5
293 5
294 6
295 6
296 6
297 1
298 2
299 5
300 4
301 4
302 1
303 5
304 6
305 6
306 6
307 6
308 6
309 6
324 1
325 4
326 4
327 4
328 2
329 2
330 5
331 1
332 5
333 5
334 6
335 6
336 6
337 6
338 6
339 6
340 5
341 5
342 5
343 2
344 2
345 2
346 4
347 4
348 4
349 4
350 4
351 4
352 1
353 1
354 3
355 4
356 5
357 5
358 5
359 5
360 4
361 5
362 5
363 4
364 4
365 1
366 4
367 5
368 5
369 1
370 5
371 2
372 2
373 5
374 5
375 5
376 5
377 4
378 5
379 5
380 5
381 4
382 4
383 4
384 4
385 4
386 4
387 2
388 1
389 4
390 4
393 1
394 1
395 2
396 5
397 5
398 5
399 2
400 4
401 4
402 2
403 2
404 4
405 1
406 2
407 4
408 2
409 4
410 5
411 4
412 4
413 2
414 4
415 4
416 2
417 4
418 2
419 2
420 2
421 2
422 5
423 2
424 2
425 2
426 2
427 4
428 4
429 1
430 2
431 4
432 2
433 4
434 4
435 5
436 5
437 5
438 1
439 4
440 5
441 5
442 5
443 5
444 4
445 4
446 5
447 5
448 5
449 1
450 6
451 1
452 2
453 2
454 4
455 4
456 4
457 2
458 5
459 5
460 6
461 6
462 4
464 2
465 1
466 1
467 1
468 2
469 5
470 5
471 4
472 4
473 2
474 5
475 5
476 6
477 6
478 1
479 3
480 5
481 5
482 5
483 6
484 6
485 2
486 5
487 6
488 6
489 6
490 6
491 6
492 4
493 4
494 4
495 5
496 5
497 5
498 4
499 2
500 4
501 2
502 4
503 2
504 4
505 4
506 2
507 4
508 1
509 5
510 5
511 4
512 4
513 2
514 4
515 4
516 2
517 5
518 6
519 6
520 6
521 6
522 6
523 1
524 5
525 4
526 4
527 1
528 2
529 2
530 3
531 1
532 4
533 4
534 4
535 4
536 4
537 4
538 4
539 2
540 2
541 4
542 4
543 1
544 4
545 1
546 4
547 4
548 4
549 2
550 4
